.Random.seed <-
c(403L, 8L, 1966506787L, -742939583L, -427231440L, 1132066126L, 
-428705863L, 103297483L, -2004782470L, 2074015612L, 506722239L, 
1459749013L, -1550086484L, -1379828606L, -1093104547L, -1745448105L, 
1347120702L, -1800363400L, -321072805L, 1052442809L, -248131320L, 
-457382986L, 896655601L, -1989241053L, 336408946L, -1738079292L, 
-2112458873L, 1908577629L, 1466731348L, -1454820998L, -267928379L, 
486465055L, -963135066L, 1662122800L, 1833195987L, 218865649L, 
1291217184L, 610539454L, 1321744329L, 528996219L, -1147728566L, 
82930092L, -1248344913L, -569819547L, 1406428700L, 475117682L, 
-1457144083L, -471178457L, 2054668110L, 1901131688L, 1623294891L, 
438223049L, 1886980312L, -1887029882L, 1674914913L, -1840816653L, 
-2084660126L, -1510941996L, 1090169815L, 143712717L, -1214581404L, 
-1889828534L, -370693963L, 744341519L, -845907690L, -1073421376L, 
610348931L, -1790370399L, 389628304L, 1934396014L, 344828953L, 
-1257197397L, -1324919654L, 1371300956L, -237739681L, 156468021L, 
-167409972L, 1441010722L, -2090473859L, 732707703L, -1826425698L, 
-1432702120L, 1851750075L, -676489127L, -1726313496L, 1313148438L, 
-1906962031L, 1741505091L, -748469934L, -1786636828L, -1679344601L, 
-1372256131L, -1788881548L, 2131925338L, 1556484005L, 1440460735L, 
-28466106L, 1957429968L, -460698381L, 814901777L, -1426609088L, 
387743774L, -1808294167L, -1505715173L, -1961184214L, 871860044L, 
-1985364721L, 2111184965L, -431207940L, -639825838L, 750268877L, 
-178056313L, 1395078766L, -1298008504L, -890548149L, -1996867159L, 
-33295112L, -1877311450L, -1830710975L, 1503637203L, -178940286L, 
-1628136268L, -834214857L, 94930733L, -77265852L, -386258582L, 
-43203115L, 1193108335L, 199031414L, 159907232L, 27126371L, 1293957889L, 
-1989381520L, -497013234L, 927704697L, 1019105803L, 1269304122L, 
107704892L, 11809151L, -1049290027L, 949844716L, -1028748222L, 
505160605L, -1165051369L, 1462861694L, 1740557624L, -1592727013L, 
-1580207239L, 920716744L, 1778252278L, -962417615L, -410440093L, 
-1102761422L, -205029500L, 1879281095L, -582663011L, -1741781996L, 
327852730L, 1819353861L, -2102814497L, 1380352358L, -1735850768L, 
-103624685L, 117577137L, -478072736L, 1280171518L, -1881126519L, 
1529618107L, -1839703414L, -1176074900L, 1870160623L, 2115845413L, 
-804738084L, 408758706L, -497170259L, 1383037031L, 1503285134L, 
1714968680L, 1780794475L, -728035831L, 2022183064L, 1575893958L, 
-412324063L, -912901197L, 2133586722L, -530414316L, 1022035351L, 
-413033075L, -1015464796L, 1180704394L, -1348954891L, 1626958671L, 
990647382L, -280373504L, 409563715L, -763491871L, -790459056L, 
-802724946L, 1844330841L, -117432469L, -701018406L, -231227492L, 
-757996641L, 305154549L, 969370764L, 256161122L, 215353661L, 
-1316331081L, -1380743586L, 1573916568L, 812564219L, 1047934617L, 
2042437416L, -1676257834L, 490642001L, 400167171L, 1909853330L, 
-83279324L, -305021721L, -927420099L, -1612765772L, 150133274L, 
-969301659L, -326569985L, -1634466170L, 1384758800L, 867927219L, 
1877704529L, -1222495488L, -1715644848L, -4650526L, 196416872L, 
353537356L, 1582560508L, 1595906802L, 569819904L, 1911672436L, 
-20622328L, 1037588922L, 974975952L, -469957140L, 1440083860L, 
-1165082926L, -21730720L, -1900593844L, 1873821984L, 1723989634L, 
2140993000L, -1852402708L, -948708804L, -1008167310L, -239817872L, 
-611512028L, 56140344L, 1945262490L, -970641968L, -1445708356L, 
1830831252L, 367265922L, 1637866944L, 622903100L, -1917259632L, 
1785359138L, -498329080L, 1450567948L, -691439204L, 184519186L, 
1226153856L, 1201441556L, 1520865576L, -1672243142L, -373957680L, 
562908780L, 144937524L, -942692718L, -1048474272L, 1144416588L, 
-1578376224L, 1930678690L, -206186072L, -2040424820L, -1374515780L, 
-1393073550L, 1063996400L, -769068476L, -1018834856L, 1296139322L, 
1581347952L, -886426564L, 978605332L, 1144470210L, 1403582176L, 
-1422799748L, -1042916656L, -1116943966L, -1474290648L, 563894028L, 
-2073797188L, -1371564238L, 961650368L, 1054474292L, 614694600L, 
1681721530L, 623260304L, 232054508L, 1044482644L, 934792850L, 
703581472L, -602880564L, -1674723616L, -1776802622L, 1436867624L, 
1511400364L, 989245116L, 1335613426L, 1120610864L, -97254492L, 
148807096L, -1772183718L, 933978256L, 1700605820L, -1846250220L, 
1813092674L, 636548352L, 2099245500L, 643863888L, 229908770L, 
122802760L, 138974220L, 1649791580L, -2052549166L, 1091177984L, 
2117286228L, 1391099112L, 1639196922L, 1123371728L, -121700564L, 
-1112795916L, -1123799662L, -1127792288L, -520171508L, 579139808L, 
-323303838L, 1943953576L, -167538612L, 1404610428L, 2107288882L, 
1900719728L, -1692711100L, 1549802456L, 1491330938L, 200942640L, 
-1181145156L, 646826580L, 878307394L, -2030700896L, 404648636L, 
-1412603952L, 370106722L, 1451338472L, -1238922036L, -316655108L, 
1402032626L, -42833792L, 362782196L, -1029330296L, -453769414L, 
-1790127792L, -250810260L, -762489452L, -660790190L, -381816352L, 
342778060L, 2096949920L, -1716180606L, -1114460952L, 253276908L, 
170748220L, -1278303118L, 1309732464L, -113899996L, -1457473480L, 
-2131131110L, 648536272L, 492641596L, -495075436L, -1840484478L, 
-1503789120L, -262470084L, 2110192016L, 1510937634L, 1419262216L, 
135943308L, 1668096796L, 1505495186L, 1073363328L, -729514988L, 
-1374417112L, 2064315962L, 1568481744L, 658862444L, 548738996L, 
977432082L, -1943989280L, 502486476L, -1916586784L, -1733017566L, 
-695965912L, 160294412L, 979436348L, -398715918L, -1481782544L, 
-448501180L, -1404631464L, -295033030L, 199705584L, 196728508L, 
1482044692L, 1950552258L, -1356022688L, -1006593668L, -1337071664L, 
-772454110L, 543555240L, -2012697716L, -412611396L, -795386062L, 
864285248L, -1991416652L, 846451784L, 1329748410L, -1883910640L, 
1186281708L, -1645074092L, -298465518L, 975758752L, 485116620L, 
-538655136L, 1834774466L, -1199865048L, -1638490708L, -1531014852L, 
1835192178L, -1357356752L, -873103580L, 1926026552L, -1673725222L, 
929372048L, 1466430204L, 1499103124L, -364447678L, 107359488L, 
2019740732L, -281961136L, 1520265378L, 143722312L, -675215230L, 
797647127L, 1046845409L, -46644954L, 201023524L, -1166998827L, 
388836991L, -296558824L, -828420554L, -2123710269L, 1774959877L, 
1539982498L, 1155512976L, 1662895673L, -1719429397L, 1804388316L, 
899172874L, -1174053633L, 744708425L, 1690061534L, -2018592628L, 
186306653L, -356065689L, 2100645776L, 678249390L, -1832211877L, 
-1291196867L, 1476122794L, 42215752L, -487547535L, 1577474787L, 
-52891164L, -1236157166L, -1826197273L, -1668561231L, -947421962L, 
-1617862892L, -807077851L, 917830959L, -1770401048L, 1054568390L, 
1486754419L, -1137322795L, -3033422L, 646229632L, 787732073L, 
-1985627429L, -1901148628L, -97630662L, -2037350161L, -608220295L, 
869533710L, -1289425444L, 841997901L, 541687223L, 709776192L, 
-291364322L, -1474714389L, 1839459437L, 879283418L, 1295258776L, 
-1580526847L, 1198094515L, 1941263316L, -1963667742L, 1678593911L, 
-1977003327L, -238296506L, -577647228L, 622359349L, 1969221919L, 
-1261545352L, 1244284246L, -1967359005L, 518247845L, -2052016062L, 
1866298928L, -1191948711L, 1918158795L, 2052642876L, -2132269462L, 
613727391L, 1656835369L, -693257794L, 512071852L, -696091139L, 
68461895L, 167337520L, 839501646L, 643726203L, 1800412381L, -1968509686L, 
-1476487128L, -1223611247L, 675993731L, -67217020L, 448047026L, 
-69687033L, 1148259153L, -1808975146L, 1656292276L, 177535941L, 
1466243855L, -1758516856L, 1045277862L, -1593877421L, 557948341L, 
1066652434L, -732200736L, 1708524873L, -1861273733L, 1951830604L, 
1784093658L, 46305743L, 994232217L, 774602670L, 960971964L, -173523667L, 
784084695L, 528971552L, 1733296254L, -210188725L, 1534680141L, 
2121482874L, 857586360L, -1509740447L, -1346727405L, -2139785164L, 
-1939376574L, -537501097L, 488362401L, 1903120998L, -2138451356L, 
-684097131L, -1031980353L, -1809440168L, -778037642L, 1054050947L, 
